image_width: 1280
image_height: 720
camera_name: narrow_stereo
camera_matrix:
  rows: 3
  cols: 3
  data: [931.62888,   0.     , 644.41421,
           0.     , 929.58983, 347.70779,
           0.     ,   0.     ,   1.     ]
camera_model: plumb_bob
distortion_coefficients:
  rows: 1
  cols: 5
  data: [0.061835, -0.118113, -0.000546, -0.001639, 0.000000]
rectification_matrix:
  rows: 3
  cols: 3
  data: [1., 0., 0.,
         0., 1., 0.,
         0., 0., 1.]
projection_matrix:
  rows: 3
  cols: 4
  data: [934.4375 ,   0.     , 642.37437,   0.     ,
           0.     , 938.10767, 347.41985,   0.     ,
           0.     ,   0.     ,   1.     ,   0.     ]
